$ 1 3.048780487804878e-12 0.8372897488127266 41 5 50 5e-11
g 432 320 432 336 0 0
g 528 176 528 192 0 0
r 480 176 528 176 0 1000000
a 304 176 400 176 9 9 -9 1000000 -0.0032696108801982078 -0.0032697743607422174 200000
w 304 192 304 272 0
w 432 272 304 272 0
r 432 272 432 320 0 1000
w 240 160 304 160 0
g 240 240 240 272 0 0
r 240 192 240 240 0 15
w 240 160 240 192 0
c 176 160 240 160 4 1e-12 0.2154019952326638 0.001 0
R 128 160 128 208 0 1 10250000000 0.3 0 0 0.5
S 432 272 432 240 0 1 false 0 2
w 464 176 480 176 0
r 400 176 400 224 0 2000
r 464 176 464 224 0 9000
170 112 240 112 288 2 1000000000 13000000000 0.3 5.0000000000000004e-8
w 464 224 464 240 0
w 448 240 464 240 0
w 416 240 400 240 0
w 400 224 400 240 0
w 400 176 464 176 0
w 176 160 128 160 0
o 2 1 0 4107 2.5 0.00009765625 0 2 2 3
